9
10000 0.427074 0.0020084 0.0010196 0.0010066 0.002001 0.0010007 
20000 1.69363 0.0030074 0.0010002 0.0009998 0.0020112 0.0020043 
30000 3.94827 0.0050012 0.0020133 0.0010058 0.0030142 0.0029878 
40000 6.43247 0.00757 0.0030002 0.0020076 0.0040207 0.0040135 
50000 10.2047 0.0080191 0.0030114 0.0029999 0.0059886 0.0050151 
60000 13.4274 0.0089905 0.0030005 0.0030008 0.0070007 0.0070017 
70000 18.9356 0.0120087 0.004 0.0030004 0.0080017 0.0080154 
80000 23.2058 0.0130012 0.005001 0.0030006 0.009996 0.0090229 
90000 28.2016 0.0150046 0.0060018 0.0040139 0.0110035 0.0100023 
