2-Cifre
10000 0 
100000 0.0030006 
1000000 0.0330069 
10000000 0.355739 
100000000 4.12941 

3-cifre
10000 0.0010064 
100000 0.0039898 
1000000 0.0410089 
10000000 0.426266 
100000000 4.65737  

4-cifre
10000 0.0010021 
100000 0.0030006 
1000000 0.0400002 
10000000 0.438367 
100000000 4.72484 


5-cifre
10000 0.0020138 
100000 0.0060009  
1000000 0.0620109 
10000000 0.726743 
100000000 7.90077 

6-cifre
10000 0.0180039 
100000 0.0339977 
1000000 0.131024 
10000000 1.28402 
100000000 12.3226 

7-cifre
10000 0.166601 
100000 0.17211 
1000000 0.325452 
10000000 1.66775 
100000000 16.1434 

8-cifre
10000 1.52256 
100000 1.54542 
1000000 1.6947 
10000000 3.18226 
100000000 19.2753 

9-cifre
10000 16.3667 
100000 15.8752
1000000 16.3136 
10000000 18.4759 
100000000 42.2965 


